a=[02024   02019   02020   02022   02023   02024   02325   02329
02333   02338   02344   02346   02350   02354   02358   02363
02366   02369   02371   02374   02376   02378   02380   02383
02385   02385   02385   02388   02387   02387   02386   02387
02387   02385   02384   02383   02383   02379   02376   02373
02370   02368   02366   02361   02357   02354   02348   02346
02339   02335   02331   02324   02317   02313   02306   02301
02293   02287   02280   02273   02266   02259   02253   02246
02237   02229   02222   02213   02205   02198   02189   02180
02171   02165   02156   02146   02138   02130   02119   02111
02102   02095   02087   02077   02066   02060   02050   02042
02033   02024   02015   02005   01996   01989   01980   01972
01963   01955   01946   01938   01931   01923   01913   01906
01897   01890   01881   01874   01867   01859   01850   01844
01837   01830   01825   01816   01810   01801   01794   01789
01783   01777   01770   01764   01759   01754   01750   01741
01737   01732   01727   01720   01717   01711   01707   01704
01700   01694   01679   01686   01684   01679   01679   01664
01671   01667   01666   01664   01662   01661   01658   01659
01657   01656   01656   01656   01658   01657   01657   01660
01661   01663   01665   01667   01670   01672   01666   01679
01683   01687   01690   01694   01698   01703   01709   01712
01718   01725   01730   01736   01742   01749   01757   01762
01768   01775   01784   01790   01798   01805   01817   01821
01828   01838   01847   01854   01861   01870   01879   01889
01897   01905   01913   01922   01932   01938   01948   01957
01967   01974   01983   01993   02001   02009   02018   02029
02037   02043   02054   02063   02073   02081   02086   02096
02104   02113   02122   02130   02136   02144   02153   02161
02168   02176   02185   02191   02198   02206   02214   02221
02226   02235   02241   02247   02253   02261   02269   02274
02278   02285    2048          2048              2048              2048             2048           2048 ]                 
b = reshape(a',1,256)
b = b-2048
c = 0:255
plot (c,b)                               

