a=[02023   02021   02023   02024   02023   02022   02325   02330
02336   02341   02345   02348   02353   02355   02359   02363
02368   02370   02372   02375   02379   02379   02381   02382
02384   02386   02387   02388   02387   02389   02387   02391
02390   02386   02383   02381   02380   02380   02377   02374
02370   02369   02366   02361   02357   02352   02348   02344
02341   02335   02329   02323   02319   02313   02306   02300
02293   02287   02279   02274   02266   02259   02251   02243
02236   02229   02219   02212   02205   02197   02189   02169
02172   02163   02153   02144   02137   02129   02120   02115
02101   02093   02084   02078   02067   02059   02047   02045
02031   02021   02012   02005   01995   01986   01977   01969
01962   01952   01944   01936   01927   01919   01911   01904
01898   01887   01878   01872   01866   01858   01849   01844
01836   01828   01821   01816   01808   01801   01794   01787
01781   01775   01769   01763   01757   01751   01745   01741
01735   01730   01727   01722   01717   01711   01707   01702
01698   01693   01690   01685   01682   01678   01676   01673
01670   01666   01666   01663   01662   01656   01659   01658
01657   01655   01658   01657   01658   01659   01660   01660
01661   01664   01667   01669   01670   01672   01677   01681
01684   01688   01692   01694   01701   01705   01710   01717
01721   01730   01733   01738   01745   01751   01758   01764
01771   01779   01786   01793   01800   01810   01816   01823
01832   01841   01848   01859   01866   01874   01882   01890
01899   01908   01917   01925   01933   01942   01951   01959
01967   01978   01986   01995   02004   02012   02021   02029
02038   02047   02057   02064   02074   02083   02091   02100
02107   02115   02125   02133   02139   02148   02156   02164
02171   02178   02186   02192   02201   02209   02217   02225
02231   02235   02242   02249   02258   02262   02269   02274
02281   02285   02292   02299   02300   02310   02314   02319]
b = reshape(a',1,256)
b = b-2048
c = 0:255
plot (c,b)    
