a=[02022   02022   02021   02022   02023   02023   02370   02378
02386   02395   02400   02403   04032   04029   04028   04028
04030   04031   04030   04029   04029   04029   04029   04028
04029   04029   04029   04030   04028   04030   04028   04027
04027   04009   03979   03961   03944   03926   03910   03891
03871   03855   03838   03822   03806   03784   03750   03714
03677   03645   03615   03583   03553   03521   03489   03454
03405   03357   03311   03268   03227   03183   03147   03108
03065   03023   02985   02950   02912   02877   02841   02807
02774   02740   02708   02675   02644   02614   02584   02554
02525   02497   02469   02445   02418   02390   02365   02340
02316   02292   02268   02245   02221   02201   02180   02159
02140   02118   02098   02080   02062   02044   02024   02009
01990   01974   01959   01948   01928   01913   01897   01884
01868   01855   01841   01829   01818   01802   01792   01779
01769   01759   01745   01737   01725   01716   01707   01696
01688   01679   01670   01662   01653   01646   01639   01633
01627   00005   00006   00006   00006   00006   00007   00005
00004   00006   00004   00005   00001   00005   00005   00004
00005   00006   00004   00005   00004   00004   00004   00006
00029   00052   00071   00089   00105   00125   00141   00157
00175   00193   00212   00261   00294   00329   00362   00396
00426   00458   00491   00553   00603   00648   00692   00734
00779   00822   00864   00906   00945   00983   01022   01059
01098   01132   01169   01203   01237   01270   01304   01335
01366   01399   01428   01459   01488   01517   01544   01571
01598   01625   01650   01675   01700   01724   01748   01769
01793   01816   01837   01858   01879   01899   01918   01939
01956   01975   01992   02009   02029   02043   02061   02079
02095   02109   02123   02138   02153   02166   02179   02193
02207   02217   02228   02241   02254   02263   02276   02286
02295   02305   02316   02326   02334   02342   02353   02361]

b = reshape(a',1,256)
b = b-2048
c = 0:255
plot (c,b)    
