a=[02044   02043   02044   02044   02044   02043   02045   02044
02044   02045   02043   02043   02148   02143   02158   02154
02163   02165   02178   02176   02189   02185   02198   02194
02209   02205   02218   02215   02230   02223   02239   02235
02247   02245   02259   02254   02267   02263   02278   02274
02286   02283   02296   02289   02306   02302   02314   02305
02329   02320   02330   02329   02338   02337   02348   02345
02354   02352   02363   02359   02370   02368   02377   02377
02384   02385   02395   02388   02397   02395   02405   02404
02411   02404   02416   02413   02421   02420   02425   02424
02429   02428   02434   02438   02439   02438   02444   02443
02448   02446   02450   02448   02454   02453   02455   02454
02459   02458   02460   02462   02471   02462   02466   02467
02465   02465   02467   02467   02466   02461   02468   02468
02467   02467   02468   02468   02468   02469   02463   02468
02466   02466   02465   02473   02462   02462   02462   02463
02458   02458   02457   02458   02453   02454   02453   02453
02440   02449   02445   02446   02442   02443   02436   02442
02434   02435   02428   02429   02431   02427   02420   02422
02414   02420   02410   02412   02404   02405   02399   02400
02392   02400   02387   02393   02377   02393   02375   02378
02368   02371   02363   02353   02355   02360   02348   02351
02341   02344   02334   02338   02327   02329   02318   02324
02310   02314   02302   02305   02293   02296   02286   02289
02277   02281   02270   02271   02261   02264   02251   02255
02242   02245   02236   02240   02226   02229   02217   02220
02207   02211   02198   02200   02189   02192   02178   02182
02170   02173   02161   02164   02152   02154   02141   02137
02131   02134   02121   02126   02107   02115   02102   02105
02091   02095   02083   02085   02073   02076   02062   02065
02053   02056   02041   02049   02032   02037   02022   02025
02011   02014   02002   02005   01990   01994   01982   01985
01971   01974   01960   01963   01950   01955   01938   01955
01930   01934   01919   01922   01911   01913   01899   01903
01888   01893   01880   01879   01869   01872   01859   01861
01858   01853   01838   01845   01829   01834   01819   01823
01809   01811   01801   01805   01792   01795   01782   01786
01774   01776   01765   01769   01755   01758   01748   01752
01740   01743   01733   01735   01725   01727   01714   01723
01710   01715   01700   01705   01695   01690   01690   01691
01681   01691   01677   01681   01670   01674   01664   01668
01661   01663   01655   01658   01651   01657   01643   01647
01644   01642   01639   01639   01637   01637   01634   01637
01631   01632   01628   01629   01625   01625   01624   01615
01622   01626   01621   01621   01619   01619   01619   01622
01618   01618   01617   01616   01619   01618   01619   01619
01618   01618   01620   01620   01620   01624   01623   01623
01626   01625   01627   01627   01629   01627   01632   01635
01634   01631   01638   01644   01639   01640   01647   01643
01648   01646   01653   01651   01657   01656   01661   01659
01660   01670   01671   01669   01676   01674   01681   01684
01687   01685   01693   01688   01699   01700   01704   01702
01709   01712   01716   01714   01724   01722   01731   01733
01743   01735   01745   01742   01752   01749   01759   01757
01765   01766   01775   01773   01783   01780   01792   01789
01801   01798   01810   01804   01817   01813   01824   01821
01834   01831   01838   01838   01850   01850   01860   01859
01869   01865   01878   01874   01886   01883   01896   01893
01904   01898   01914   01912   01924   01922   01934   01931
01944   01943   01953   01951   01963   01961   01973   01970
01982   01981   01993   01990   02002   01997   02013   02010
02022   02010   02033   02030   02043   02043   02053   02049
02064   02062   02073   02069   02086   02075   02094   02090
02103   02101   02114   02110   02125   02121   02134   02131]

b = reshape(a',1,512)
b = b-2048
c = 0:511
plot (c,b)
