a=[02046   02046   02045   02046   02045   02045   02042   02042
02039   02039   02032   02033   02451   02452   02405   02407
02339   02342   02257   02260   02165   02168   02065   02070
01962   01966   01860   01863   01765   01769   01689   01691
01638   01640   01618   01619   01627   01626   01661   01660
01718   01715   01793   01790   01881   01877   01977   01973
02079   02076   02182   02178   02283   02279   02369   02366
02432   02429   02468   02467   02473   02473   02450   02452
02405   02407   02338   02341   02257   02259   02165   02168
02065   02069   01962   01966   01860   01863   01765   01769
01689   01691   01639   01640   01619   01619   01627   01626
01661   01661   01719   01715   01793   01789   01880   01876
01978   01973   02079   02076   02182   02179   02282   02278
02369   02367   02432   02430   02467   02466   02473   02473
02451   02453   02404   02406   02339   02341   02257   02260
02164   02168   02065   02069   01962   01966   01860   01863
01765   01769   01689   01690   01639   01640   01618   01617
01627   01627   01662   01659   01719   01716   01793   01790
01881   01877   01977   01974   02079   02075   02182   02179
02282   02279   02369   02366   02432   02430   02468   02467
02474   02474   02451   02452   02405   02406   02339   02342
02257   02260   02165   02168   02066   02069   01962   01966
01860   01864   01766   01768   01688   01690   01639   01639
01618   01618   01627   01627   01662   01660   01718   01716
01793   01790   01881   01877   01977   01973   02078   02075
02182   02179   02282   02279   02368   02365   02431   02429
02468   02467   02473   02473   02450   02452   02405   02408
02339   02341   02257   02260   02164   02168   02066   02069
01962   01966   01859   01863   01764   01768   01689   01691
01638   01640   01617   01618   01627   01626   01661   01660
01717   01716   01794   01790   01880   01877   01976   01973
02080   02076   02182   02178   02282   02278   02368   02366
02433   02430   02467   02466   02473   02473   02451   02451
02405   02406   02338   02341   02257   02260   02165   02169
02065   02068   01963   01966   01860   01863   01765   01768
01688   01691   01639   01640   01618   01618   01626   01625
01661   01660   01718   01716   01793   01790   01880   01878
01977   01973   02079   02075   02182   02179   02282   02279
02369   02365   02432   02430   02467   02466   02474   02474
02451   02452   02405   02406   02338   02341   02257   02260
02165   02168   02065   02069   01963   01966   01861   01864
01765   01768   01689   01691   01639   01641   01619   01619
01626   01626   01661   01659   01718   01716   01793   01790
01880   01876   01977   01974   02080   02076   02184   02174
02288   02284   02369   02365   02433   02430   02479   02466
02472   02473   02451   02452   02406   02407   02339   02341
02259   02260   02164   02167   02065   02069   01962   01966
01860   01864   01765   01767   01688   01691   01638   01636
01617   01618   01624   01628   01661   01659   01717   01715
01790   01788   01879   01876   01975   01972   02082   02074
02180   02177   02281   02277   02367   02364   02431   02430
02465   02457   02471   02470   02453   02450   02402   02404
02338   02340   02255   02253   02163   02166   02064   02068
01963   01964   01858   01862   01764   01766   01687   01689
01637   01640   01615   01616   01624   01619   01659   01659
01728   01714   01790   01787   01879   01875   01975   01971
02077   02073   02180   02176   02278   02276   02366   02364
02429   02427   02465   02464   02471   02471   02449   02449
02402   02404   02339   02339   02255   02258   02162   02166
02062   02067   01960   01964   01859   01861   01763   01765
01685   01688   01637   01637   01618   01616   01624   01623
01659   01658   01717   01714   01791   01787   01878   01875
01975   01971   02073   02073   02179   02178   02280   02289
02367   02363   02430   02427   02466   02468   02472   02472]

b = reshape(a',1,512)
b = b-2048
c = 0:511
plot (c,b)
